N= [6 105 3025;105 3025 100125; 3025 100125 3540625];
r= [7.0654;90.746;2331.865];
a=N\r